1.48276 -1.38742
-2.72812 -0.268019
-1.95125 1.77806
0.24573 2.14655
2.64759 0.984237
1.29397 -2.09943
0.982204 -1.02758
-0.30363 1.48212
-1.94391 2.09703
-0.229278 2.26393
0.835421 2.44485
-2.53828 -0.800543
-1.05816 2.10527
1.91602 0.398475
1.4257 -0.30159
-0.358414 2.59289
-2.54411 -1.39845
-1.75144 0.621795
0.44427 -0.624886
-1.52051 -0.959096
-0.125413 -1.93218
1.4119 0.509985
-0.256844 2.12498
1.28454 2.57636
-0.366034 -0.527825
-2.1038 0.236534
2.15855 -0.526443
-0.338981 2.53901
2.45369 -0.442198
0.148722 0.965366
2.58673 -0.166085
2.50258 -0.0223173
-1.07409 -0.861314
-2.4259 -1.18641
-1.12655 0.830529
-1.06353 -1.68874
-1.20601 -2.37803
-0.282274 -0.144785
-0.497825 0.295111
-0.110177 -0.36602
0.470683 -2.09178
-0.884329 -0.321352
0.962365 2.59493
-0.673456 -1.29871
0.435294 2.16324
0.156898 1.79798
-1.48528 -0.107703
-1.58277 -2.24696
2.20288 -1.43125
2.85872 -0.634274
