2.99999 -1.92715
-0.125413 -1.93218
-3.84612 -3.94816
5.32944 1.29903
0.000315526 -5.39556
4.37138 3.01013
5.57388 0.650909
2.16654 -4.97645
1.4119 0.509985
4.25536 2.92601
-0.366034 -0.527825
4.87702 -4.35335
4.8531 1.74942
2.15855 -0.526443
1.75517 -3.42143
2.96495 2.09817
-2.67727 -3.90109
2.45369 -0.442198
4.08514 -3.54161
-4.02049 -4.502
2.66497 -5.63456
2.96393 -4.88885
2.78033 -5.45262
2.12716 -5.24354
0.667791 -5.88912
2.44194 -3.82043
3.45051 1.27771
4.54644 -0.0927811
2.58673 -0.166085
2.50258 -0.0223173
4.1346 -3.66789
4.34772 3.36512
5.82039 3.04284
-1.06353 -1.68874
-1.20601 -2.37803
3.72509 -0.814223
-1.45159 -4.8414
0.112105 -4.96348
1.92048 -3.52086
4.1673 2.17631
-3.85959 -5.16169
5.10196 2.58214
-0.110177 -0.36602
4.59251 -0.139079
-1.02519 -3.91066
0.677153 -4.0816
0.470683 -2.09178
4.52557 -4.87849
3.20356 -5.8828
-2.30057 -3.20561
